{
 "cells": [
  {
   "cell_type": "code",
   "execution_count": 11,
   "metadata": {},
   "outputs": [],
   "source": [
    "import numpy as np # linear algebra\n",
    "import pandas as pd # data processing, CSV file I/O (e.g. pd.read_csv)\n",
    "import seaborn as sns\n",
    "import matplotlib.pyplot as plt\n",
    "from sklearn.linear_model import LinearRegression\n",
    "from sklearn.linear_model import Lasso\n",
    "from sklearn.linear_model import Ridge\n",
    "from sklearn.metrics import explained_variance_score\n",
    "from sklearn.metrics import mean_absolute_error\n",
    "from sklearn.neighbors import KNeighborsRegressor\n",
    "from sklearn.ensemble import RandomForestRegressor\n",
    "from sklearn.svm import SVR\n",
    "\n"
   ]
  },
  {
   "cell_type": "code",
   "execution_count": 27,
   "metadata": {
    "collapsed": false
   },
   "outputs": [
    {
     "name": "stdout",
     "output_type": "stream",
     "text": [
      "   X  Y month  day  FFMC   DMC     DC  ISI  temp  RH  wind  rain  area\n0  7  5   mar  fri  86.2  26.2   94.3  5.1   8.2  51   6.7   0.0   0.0\n1  7  4   oct  tue  90.6  35.4  669.1  6.7  18.0  33   0.9   0.0   0.0\n2  7  4   oct  sat  90.6  43.7  686.9  6.7  14.6  33   1.3   0.0   0.0\n3  8  6   mar  fri  91.7  33.3   77.5  9.0   8.3  97   4.0   0.2   0.0\n4  8  6   mar  sun  89.3  51.3  102.2  9.6  11.4  99   1.8   0.0   0.0\n"
     ]
    }
   ],
   "source": [
    "dataset = pd.read_csv('/Users/omerorhan/Desktop/UCSC/MachineLearning/Assignments/venv/notebookfiles'\n",
    "                      '/FinalProject/forestfires.csv')\n",
    "print(dataset.head())\n",
    "\n",
    "#print(dataset.describe(include='all'))\n",
    "dataset.month.replace(('jan','feb','mar','apr','may','jun','jul','aug','sep','oct','nov','dec'),(1,2,3,4,5,6,7,8,9,10,11,12), inplace=True)\n",
    "dataset.day.replace(('mon','tue','wed','thu','fri','sat','sun'),(1,2,3,4,5,6,7), inplace =True)\n",
    "\n"
   ]
  },
  {
   "cell_type": "code",
   "execution_count": 28,
   "metadata": {},
   "outputs": [
    {
     "name": "stdout",
     "output_type": "stream",
     "text": [
      "Correlation of the Dataset:               X         Y     month       day      FFMC       DMC        DC  \\\nX      1.000000  0.539548 -0.065003 -0.024922 -0.021039 -0.048384 -0.085916   \nY      0.539548  1.000000 -0.066292 -0.005453 -0.046308  0.007782 -0.101178   \nmonth -0.065003 -0.066292  1.000000 -0.050837  0.291477  0.466645  0.868698   \nday   -0.024922 -0.005453 -0.050837  1.000000 -0.041068  0.062870  0.000105   \nFFMC  -0.021039 -0.046308  0.291477 -0.041068  1.000000  0.382619  0.330512   \nDMC   -0.048384  0.007782  0.466645  0.062870  0.382619  1.000000  0.682192   \nDC    -0.085916 -0.101178  0.868698  0.000105  0.330512  0.682192  1.000000   \nISI    0.006210 -0.024488  0.186597  0.032909  0.531805  0.305128  0.229154   \ntemp  -0.051258 -0.024103  0.368842  0.052190  0.431532  0.469594  0.496208   \nRH     0.085223  0.062221 -0.095280  0.092151 -0.300995  0.073795 -0.039192   \nwind   0.018798 -0.020341 -0.086368  0.032478 -0.028485 -0.105342 -0.203466   \nrain   0.065387  0.033234  0.013438 -0.048340  0.056702  0.074790  0.035861   \narea   0.063385  0.044873  0.056496  0.023226  0.040122  0.072994  0.049383   \n\n            ISI      temp        RH      wind      rain      area  \nX      0.006210 -0.051258  0.085223  0.018798  0.065387  0.063385  \nY     -0.024488 -0.024103  0.062221 -0.020341  0.033234  0.044873  \nmonth  0.186597  0.368842 -0.095280 -0.086368  0.013438  0.056496  \nday    0.032909  0.052190  0.092151  0.032478 -0.048340  0.023226  \nFFMC   0.531805  0.431532 -0.300995 -0.028485  0.056702  0.040122  \nDMC    0.305128  0.469594  0.073795 -0.105342  0.074790  0.072994  \nDC     0.229154  0.496208 -0.039192 -0.203466  0.035861  0.049383  \nISI    1.000000  0.394287 -0.132517  0.106826  0.067668  0.008258  \ntemp   0.394287  1.000000 -0.527390 -0.227116  0.069491  0.097844  \nRH    -0.132517 -0.527390  1.000000  0.069410  0.099751 -0.075519  \nwind   0.106826 -0.227116  0.069410  1.000000  0.061119  0.012317  \nrain   0.067668  0.069491  0.099751  0.061119  1.000000 -0.007366  \narea   0.008258  0.097844 -0.075519  0.012317 -0.007366  1.000000  \n"
     ]
    }
   ],
   "source": [
    "corr = dataset.corr(method='pearson')\n",
    "print(\"Correlation of the Dataset:\",corr)"
   ]
  },
  {
   "cell_type": "code",
   "execution_count": 32,
   "metadata": {
    "collapsed": false
   },
   "outputs": [
    {
     "name": "stdout",
     "output_type": "stream",
     "text": [
      "Linear Regression\nScore: 0.0239749299018\nMean Absolute Error: 19.3099391647\n"
     ]
    }
   ],
   "source": [
    "data = dataset.values\n",
    "\n",
    "X = data[:, 0:12]\n",
    "Y = data[:, 12]\n",
    "\n",
    "print(\"Linear Regression\")\n",
    "Lreg = LinearRegression()\n",
    "Lreg.fit(X, Y)\n",
    "prediction = Lreg.predict(X)\n",
    "score = explained_variance_score(Y, prediction)\n",
    "mae = mean_absolute_error(prediction, Y)\n",
    "\n",
    "print(\"Score:\", score)\n",
    "print(\"Mean Absolute Error:\", mae)\n",
    "\n"
   ]
  },
  {
   "cell_type": "code",
   "execution_count": 33,
   "metadata": {},
   "outputs": [
    {
     "name": "stdout",
     "output_type": "stream",
     "text": [
      "Random Forest Regressor\nScore: 0.822368232097\nMean Absolute Error: 8.03468459059\n"
     ]
    }
   ],
   "source": [
    "print('Random Forest Regressor')\n",
    "rfreg = RandomForestRegressor()\n",
    "rfreg.fit(X,Y)\n",
    "prediction_rfreg = rfreg.predict(X)\n",
    "score = explained_variance_score(Y, prediction_rfreg)\n",
    "mae = mean_absolute_error(prediction_rfreg, Y)\n",
    "\n",
    "print(\"Score:\", score)\n",
    "print(\"Mean Absolute Error:\", mae)"
   ]
  }
 ],
 "metadata": {
  "kernelspec": {
   "display_name": "Python 2",
   "language": "python",
   "name": "python2"
  },
  "language_info": {
   "codemirror_mode": {
    "name": "ipython",
    "version": 2
   },
   "file_extension": ".py",
   "mimetype": "text/x-python",
   "name": "python",
   "nbconvert_exporter": "python",
   "pygments_lexer": "ipython2",
   "version": "2.7.6"
  }
 },
 "nbformat": 4,
 "nbformat_minor": 0
}
